0111565001
0129085001
0153115020
0153115021
0156231001
0158340001
0160442007
0160442010
0186262001
0188183001
0188183015
0188183023
0189616014
0189616032
0198518010
0200182001
0212629048
0214844001
0214844002
0214844003
0220094001
0228257004
0237347036
0253448001
0253448003
0278811006
0278811007
0278811009
0300024063
0301656026
0302334001
0305931001
0307239001
0309864002
0316085002
0316085013
0324946001
0324963052
0326885046
0333323018
0333323019
0333323030
0333323038
0349301001
0351484002
0351484039
0357751003
0372860001
0372860002
0372860024
0372860068
0372860069
0375917005
0397068012
0399061028
0399087021
0399223001
0399256001
0399256005
0399256023
0399256036
0407354004
0408875001
0408875020
0408875021
0408875023
0408875028
0408875030
0429313002
0429313013
0436083002
0448509001
0448509014
0448509018
0448509027
0449570036
0456163031
0456163060
0456163083
0456163085
0456163086
0457466002
0464297007
0464297031
0464908002
0464908039
0465655010
0467302099
0469658009
0470789001
0470789019
0470789030
0471714005
0484398001
0484398019
0487827007
0490113020
0490176004
0491912005
0492892001
0492892002
0493103034
0493103045
0496762020
0499334001
0501620042
0501620049
0501820006
0501820007
0504154027
0504154037
0505507017
0506166047
0507909001
0507909003
0507909023
0507909024
0509091026
0509210006
0509669004
0510465002
0512251004
0513373004
0513696004
0514937001
0516000089
0516859008
0516859013
0516903005
0516903017
0517729002
0517762001
0519930001
0521062004
0522918034
0523488001
0523489001
0523489013
0523490003
0524529001
0524529004
0524529010
0524529013
0524529022
0529012029
0531670002
0531697001
0536139047
0536139055
0536139058
0536139068
0537732002
0539723005
0539723006
0542533001
0542533002
0545881001
0547058001
0547365025
0547367007
0547780001
0547780002
0547780003
0547780020
0547780028
0547857002
0549504003
0551614001
0552346015
0552370002
0552370010
0552711003
0552716001
0554450001
0554450005
0554450036
0554477037
0554598001
0554598003
0554598028
0554598038
0554598047
0554598057
0554598062
0554598065
0554598066
0554598067
0554598070
0554598071
0554598077
0554598080
0554598086
0554598087
0555326013
0556255001
0556260004
0556539001
0556539003
0556539010
0556539011
0556539014
0556539016
0556539023
0556539027
0556539032
0556539033
0556539034
0557994019
0558246003
0559601010
0559601019
0559616002
0559616013
0559616017
0559616020
0559630029
0559633023
0559634006
0560389011
0562245001
0562245004
0562245005
0562245018
0562245039
0562245042
0562245043
0562245046
0562245057
0562245061
0562245064
0562245090
0562245093
0562245100
0562245102
0562245104
0562636002
0563519001
0564130001
0564314019
0564358046
0564786001
0564786020
0564787001
0564787009
0565292006
0565292012
0565320018
0566140001
0567657006
0568575001
0568597006
0568597009
0568597022
0568597024
0568601006
0568601022
0568601023
0568601024
0568601033
0568601038
0568601043
0568601044
0569996004
0570002001
0570002002
0570002074
0570002079
0570002088
0570002090
0570003001
0570003056
0570003069
0570003072
0570004009
0570004010
0570004050
0570004105
0570004106
0570004108
0570004112
0570004115
0570004119
0570004120
0571092001
0571706001
0571706012
0572533005
0572797001
0572797002
0572797047
0572797048
0572998001
0572998004
0572998007
0572998009
0573085028
0573085042
0573085043
0573085047
0573085055
0573452001
0573452002
0573716005
0573716012
0573716050
0573716052
0573716053
0574109011
0574109012
0574109051
0575347003
0576692001
0576773002
0576897006
0578316001
0578374001
0578476001
0578752001
0578752002
0579010037
0579541001
0579541004
0579541007
0579541052
0579541072
0579541075
0579541089
0580041021
0581275009
0582254001
0582761001
0584298026
0587026020
0589017003
0589222001
0589599001
0589599033
0589722008
0590928001
0590928022
0592743055
0592959006
0594543037
0595696005
0595696031
0597040002
0598515008
0598515022
0598515032
0598755002
0598859001
0599580012
0599580014
0599580038
0599580044
0599580046
0599580047
0599580052
0599580055
0599580061
0599580072
0599580074
0599718001
0599718014
0599718037
0599718043
0599719001
0599719004
0599719019
0599719038
0599719041
0599719054
0599719055
0599719056
0600886001
0600886011
0603584001
0604837002
0605092013
0607427003
0607427005
0607761001
0608007001
0608013006
0608776020
0608943004
0608945008
0608945012
0608945019
0608945023
0608945027
0610776001
0610776002
0610776028
0610776065
0610776068
0610776071
0610776072
0610776073
0610776082
0610776085
0610776087
0610776093
0610776103
0610776105
0610776106
0610776107
0611050001
0611378001
0612800020
0616225019
0616347003
0616920001
0617734001
0618180002
0618726001
0619884001
0620425001
0620625001
0620625003
0621073001
0621381001
0621381012
0621381014
0622060002
0622598001
0622956001
0622958016
0623115008
0624257003
0624443008
0624443016
0624443028
0624486001
0624486003
0624486010
0624486013
0624486064
0625818003
0625939002
0625939013
0626405005
0626438001
0626813010
0626816003
0627554021
0627554039
0628326001
0628722004
0629042001
0629420013
0630994001
0630994004
0632982021
0633133002
0633136003
0633152012
0633343008
0633377003
0633781001
0633813001
0634249002
0634411002
0635276001
0635742002
0635839001
0636323001
0636323034
0636505001
0636902001
0637055004
0637255010
0637283006
0637549013
0637661001
0638039001
0638790001
0639151002
0639448001
0639450004
0639545002
0639685006
0640021011
0640021019
0640021024
0640542002
0641008016
0642498010
0645970003
0645971003
0646603002
0647426001
0649397012
0652075001
0652356055
0652938002
0653145002
0653188002
0653188018
0653373001
0656015002
0656048001
0656677019
0656677026
0656763001
0657118001
0657617001
0658298008
0658321003
0658329021
0658847003
0659132009
0659832001
0661162004
0661650004
0661656003
0662230007
0662321003
0662344004
0662418001
0662553001
0662593002
0662696001
0662917002
0662948012
0663463001
0663613001
0663942005
0663944001
0663970001
0664074001
0664074004
0664074007
0664074039
0664074072
0664074077
0664074078
0664074079
0664319021
0664405002
0664405014
0664485003
0664618001
0665481011
0666045001
0666382007
0666448006
0666651012
0667409012
0668135002
0669091018
0669882005
0669882007
0670061002
0670687001
0670698022
0671553003
0671640001
0671777035
0671777038
0671777039
0673144002
0673396002
0673396015
0673396017
0673677002
0673677010
0673677022
0673677023
0673677024
0673677027
0674002003
0674310001
0674336006
0675068001
0675068002
0675068003
0676065002
0677119001
0677930002
0677930003
0677930004
0677930023
0677930025
0677930037
0677930066
0677930077
0677930086
0677967003
0677999012
0678642002
0678686003
0678692002
0678942001
0678942002
0678942011
0678942032
0678942054
0678942055
0678942057
0679280015
0679853010
0679854001
0680264001
0680391011
0681179004
0681181001
0681381009
0682254002
0682261004
0682267021
0682550002
0682550018
0682765001
0682771005
0682996002
0683001017
0683001020
0684021068
0684087001
0684130003
0684209001
0684209004
0684209012
0684209013
0684209019
0684209025
0684209027
0684238003
0684613001
0685347011
0685347013
0685604049
0685685003
0685809001
0685811001
0685812001
0685813001
0685813016
0685813023
0685813039
0685813042
0685813043
0685814001
0685814003
0685814033
0685814062
0685814063
0685816001
0685816002
0685816004
0685816011
0685816036
0685816037
0685816038
0685816048
0685844004
0685902001
0686129014
0686564008
0686564013
0686564028
0687034009
0687034023
0687524012
0687635001
0687635004
0687635020
0687635021
0687704002
0687704031
0687704039
0687704040
0688105003
0688105012
0688537001
0688537010
0688537011
0688537021
0688728003
0688728022
0689018003
0689389047
0690108001
0690276002
0690935007
0690936001
0690936013
0690936021
0690936023
0690936026
0691072017
0691406001
0691855012
0691855013
0692155001
0693235022
0693242012
0693577002
0693578005
0693708002
0693764002
0693772002
0694298008
0694298037
0694512001
0695231001
0695458001
0695545001
0695601002
0695632001
0695632009
0695632035
0695632042
0695632099
0695632107
0695887003
0696410006
0696542001
0696587001
0696729002
0696732003
0697050014
0697054003
0697054026
0697054029
0697054052
0697054054
0697489001
0697516001
0697564006
0697564010
0697686002
0697981005
0698177008
0698276007
0698276009
0698286004
0698286007
0698317007
0698317011
0698943002
0699080001
0699296001
0699423001
0699424001
0699787001
0699924001
0700144001
0700144002
0700746004
0700758001
0701046002
0701362001
0701509003
0702802004
0703672008
0703996002
0705988005
0705988013
0706016001
0706016002
0706016003
0706016006
0706016007
0706016011
0706016015
0706016019
0706016025
0706016036
0706016062
0707135001
0707135012
0707135017
0707269005
0707493001
0708311003
0708352002
0708428002
0708456008
0708499001
0708868001
0710194002
0710876019
0710899003
0711028003
0711043001
0711053003
0711053026
0711053027
0711190002
0711440001
0711582007
0711582010
0711685001
0711685010
0711685012
0712216005
0712587002
0712793001
0713032001
0713199001
0713199006
0713200004
0713253003
0713340002
0713774043
0713850001
0713875004
0714345001
0714345002
0714750001
0714790003
0714790017
0714790020
0714790021
0714790024
0714790028
0715024004
0715082003
0715343007
0715624001
0715624002
0715624010
0715624013
0715624035
0715624052
0715624053
0715828028
0716518002
0716670007
0716672001
0716672003
0716672014
0716672018
0716672019
0717464001
0717477001
0717490008
0717490010
0717490024
0717490059
0717490060
0717490064
0717490070
0717490071
0717490081
0717664001
0717664004
0717673002
0717676004
0717727014
0717779002
0717942002
0718278001
0718278002
0718278004
0718743001
0718747001
0718968002
0719031002
0719084002
0719214001
0719214003
0719348001
0719348002
0719484004
0719530005
0719579039
0719628002
0719639003
0719655001
0719655019
0719957006
0720125003
0720125004
0720125040
0720125041
0720125042
0720137005
0720504010
0720653002
0720752003
0721063006
0721063007
0721107003
0721118003
0721273009
0721932001
0721990006
0722436003
0723078004
0723104013
0723353001
0723469001
0723666001
0723928001
0724395001
0724904001
0724905009
0724906007
0724906019
0725881004
0726876003
0727029001
0727539001
0727640002
0727710001
0727947003
0728156005
0728185003
0728444004
0729928001
0729928025
0730683021
0730683050
0731046001
0731119002
0731119005
0731425003
0731520001
0731521008
0731644001
0731817001
0732093001
0732114003
0732206004
0732311008
0732409001
0732411002
0732842001
0733027010
0733043001
0733097001
0733097008
0733097010
0733112002
0733193001
0733267001
0733749001
0733749010
0733749012
0733749025
0733803001
0733854002
0734592001
0734940012
0734940014
0735829009
0736002002
0736046002
0736049001
0736066002
0736489004
0736573002
0736677001
0736681007
0736783001
0736870001
0736963001
0737083001
0737169001
0737260004
0737710001
0737710005
0738245001
0738368002
0738569006
0738590005
0738590006
0738881001
0738924001
0739144004
0739150001
0739348004
0739529001
0739529002
0739590022
0739590023
0739590027
0739590031
0739590032
0739590038
0739590041
0739612001
0739659031
0739659035
0739819010
0739845001
0740211001
0740425010
0740746003
0740922001
0741191001
0741356002
0741356008
0741814001
0742087002
0742258001
0742258030
0742423002
0742767001
0742933003
0742947001
0743098002
0743616009
0743630007
0743840003
0743904019
0743910002
0744215002
0744242003
0744906001
0745073002
0745397002
0745773005
0745924001
0746000004
0746069006
0746087001
0746562002
0746994013
0747528002
0747629002
0747636010
0747986004
0748269001
0748269003
0748355003
0748419003
0748582001
0749276001
0749400010
0749509008
0749615001
0749699001
0749699002
0749699026
0749699027
0750197003
0750423002
0750423005
0750424007
0750424008
0750424010
0750424016
0750424018
0750481004
0750481010
0751225001
0751257002
0751281002
0751471001
0751471037
0751471038
0751471039
0751471041
0751471042
0751471043
0751567001
0751567004
0751567006
0751592001
0751592007
0751664001
0751788001
0751788002
0751936001
0751941002
0751942001
0752035001
0752218001
0752437003
0752514003
0752516003
0752657001
0752657009
0752689003
0752814003
0752814004
0752814006
0752814021
0752918007
0753076002
0753210011
0753214002
0753692017
0753724006
0753737006
0753737015
0753906001
0754238023
0754238024
0754267016
0754267043
0754267064
0754356002
0754404004
0754751001
0755063003
0755092001
0755362001
0755575001
0756007002
0756097001
0756099005
0756132001
0756185003
0756318006
0756320026
0756322001
0756420007
0756684001
0756776002
0757156001
0757303002
0757413008
0757413011
0757726002
0757828001
0757903013
0757903024
0757915002
0757957001
0757971001
0757971003
0758034001
0758084002
0758118001
0758397005
0759465001
0759469001
0759482001
0759814009
0759814010
0759814011
0759814036
0759871002
0759871003
0759871004
0759871011
0759871013
0759871022
0759871025
0759871034
0759871035
0759871037
0760012001
0760084003
0760223006
0760242001
0760970003
0761221002
0761269001
0761339001
0761406001
0761418004
0761502001
0762015001
0762028005
0762143001
0762143002
0762143007
0762261003
0762286001
0762392002
0762656001
0762656002
0762796009
0762846006
0762846007
0762846008
0762846026
0762846027
0762846029
0762846031
0762856014
0763275001
0763275002
0764073002
0764088001
0764280001
0764280002
0764280005
0764801001
0764998001
0765308002
0765433009
0765773007
0766346003
0766346008
0766346011
0766440002
0766495009
0766495013
0767032001
0767032006
0767225001
0767423001
0767423011
0767423013
0767605001
0767605015
0767799016
0767862001
0768205011
0768440002
0768610001
0768759002
0768847001
0768912001
0768912005
0769748013
0770315005
0770315006
0770315007
0770315008
0770315010
0770315017
0770315026
0771124002
0771667001
0771667002
0771970001
0772003002
0772211004
0772349008
0772864001
0772902001
0772902010
0773049001
0773120001
0773738001
0774075004
0774148003
0774450003
0774627005
0774774001
0775077001
0775088001
0775115001
0775365001
0775382001
0775518001
0775528001
0775528002
0775825003
0775868001
0776179001
0776179006
0776237008
0776237011
0776237014
0776237015
0776237020
0776237021
0776237029
0776887013
0776890001
0777219002
0777292001
0777435002
0777441001
0777624002
0777677001
0778062001
0778064001
0778064003
0778064004
0778064028
0778064051
0778330001
0778534001
0778534004
0778534007
0778745010
0779659001
0779781005
0779781013
0779883001
0780188002
0780221003
0780297013
0780297014
0780887001
0780918001
0781135004
0781613006
0781613013
0782616019
0782734003
0783346001
0783346008
0783346016
0783346018
0783346020
0783346023
0783346030
0783388006
0783517005
0783636003
0783707109
0784175003
0784276002
0784276004
0784926001
0784926014
0785034009
0786187001
0786187002
0786187005
0786304008
0786920002
0787028001
0787260001
0787307001
0787849004
0787880001
0787880003
0787946002
0788225003
0788455003
0788632001
0788651002
0788846012
0789379001
0789769001
0790006001
0790034002
0790096003
0790686005
0790686006
0790791008
0790880001
0790976002
0791488010
0791568001
0791587001
0791587007
0791587009
0791587015
0791587018
0791837002
0791919001
0792666004
0793012001
0793099004
0793108001
0793185001
0793395002
0793506020
0793851005
0794007001
0794065001
0794318001
0794321011
0794396001
0794575001
0794575002
0794575017
0794819001
0795440001
0795675001
0795675004
0795675005
0795675009
0795836005
0796210001
0796210002
0796210004
0796210012
0796245001
0796806005
0796934001
0797058002
0797078018
0797311001
0797710001
0797710006
0797988001
0797988002
0798763003
0798763004
0799365002
0799365005
0799365011
0799427005
0799748002
0800691002
0800691003
0800691007
0800691008
0800691009
0801336001
0801384002
0801447001
0801673001
0801673006
0801673014
0801673015
0802994007
0803173004
0803468002
0803647001
0803647002
0803662001
0803757001
0803757004
0803757005
0803757014
0803757015
0803757019
0803757023
0803772001
0803892001
0803986001
0804597002
0804613005
0804617001
0804759001
0804759005
0804992013
0804992014
0804992017
0804992034
0805000001
0805000007
0805000008
0805000010
0805007006
0805011011
0805308002
0805366006
0805370011
0805372001
0805510026
0805510032
0805510033
0805510037
0805525001
0805541001
0805947001
0805947006
0805954003
0806131003
0806131004
0806131012
0806225002
0806225008
0806241007
0806373001
0806388001
0806388002
0806388003
0806388005
0806388009
0806388011
0806388012
0806388017
0806388018
0806388019
0806388028
0806528004
0806529001
0806847015
0806963003
0807064003
0807241001
0807244002
0807244005
0807244017
0807681002
0807742001
0808569001
0808578003
0808628002
0808698004
0808748005
0809067003
0809237001
0809238001
0809238005
0809961002
0809961007
0809977001
0810172015
0810231001
0810592001
0810825003
0810838010
0810838011
0811235002
0811397013
0811398008
0811419002
0811500001
0811500007
0811715009
0811783001
0811783002
0811835001
0811835005
0811835009
0811857001
0811899003
0811907003
0811907011
0811913001
0811925002
0811925009
0811927002
0811927007
0811943001
0811959001
0812207002
0812668001
0812668002
0812874002
0812898002
0814003001
0814684001
0814684002
0814770002
0814817001
0814857007
0814962001
0814962002
0815434005
0815471001
0815727001
0815808001
0816166001
0816166002
0816166003
0816166004
0816166005
0816166008
0816166011
0816175001
0816241006
0816336003
0816336005
0816363001
0816375005
0816423001
0816423002
0816423004
0816423005
0816563001
0816563002
0816563003
0816563004
0816563006
0816586002
0816588006
0816589002
0816590001
0816597009
0816759015
0816805002
0816919006
0816938002
0816938003
0816938004
0816938006
0816953001
0816953002
0816953004
0817110001
0817166001
0817176002
0817280008
0817353003
0817353006
0817353008
0817353009
0817354001
0817361002
0817361006
0817361007
0817361008
0817401001
0817401002
0817401003
0817401004
0817416001
0817416002
0817416004
0817416005
0817417002
0817417005
0817472002
0817472003
0817472004
0817472005
0817477001
0817477002
0817477003
0817477005
0817491004
0817736009
0817777001
0817834002
0817869001
0818029003
0818030001
0818030002
0818031001
0818031002
0818032001
0818036001
0818036002
0818036003
0818059004
0818264002
0818528003
0818621001
0818754001
0818754004
0818754007
0818792001
0819520001
0819520005
0819520008
0819866003
0820507001
0820508002
0820563001
0820613004
0820671002
0820960001
0821060008
0821163010
0821336001
0821336003
0821336005
0821395005
0821395014
0822115004
0822180003
0822186001
0822203005
0822311003
0822345001
0822355001
0822946001
0822959001
0823118001
0823165001
0823317005
0823382001
0823505001
0823505002
0823518001
0824185001
0824337001
0824340002
0824352001
0824490001
0824497002
0824526001
0824764001
0824764003
0824764005
0824764012
0824764013
0824995001
0824995006
0825471003
0825550001
0825577003
0825600002
0825700003
0825719001
0825720001
0825720002
0825720004
0825720008
0825720010
0825771006
0825811002
0826018002
0826150003
0826164016
0826197001
0826492005
0826498002
0826508001
0826508002
0826508003
0826508005
0826508006
0826508007
0826508010
0826508011
0826851004
0826955002
0827267007
0827370001
0827411001
0827411006
0827500005
0827635001
0827704007
0827907001
0827968001
0827968004
0828465001
0828912004
0828934001
0828982004
0828991003
0829078001
0829152002
0829200002
0829302003
0829646005
0829991001
0829991004
0830535002
0830581003
0830770002
0830953002
0831273001
0831431001
0831495002
0831809001
0831918001
0831939001
0832036005
0832075002
0832084002
0832114002
0832177001
0832253001
0832253003
0832298006
0832307003
0832307007
0832309005
0832309007
0832311002
0832311003
0832312001
0832330003
0832330004
0832331003
0832331004
0832359001
0832359002
0832359006
0832361007
0832453003
0832453005
0832465001
0832465002
0832465003
0832465006
0832465008
0832473001
0832473005
0832475002
0832479003
0832481001
0832481002
0832481005
0832482001
0832482002
0832482004
0832520001
0832520002
0832665001
0832732001
0832732002
0832732003
0832934001
0832934002
0832946002
0833100004
0833499002
0833499009
0833530002
0833530008
0833534003
0833981001
0834051001
0834058001
0834063001
0834063006
0834217004
0834217009
0834258001
0834412007
0834412010
0834799001
0834906013
0834924006
0835008009
0835008011
0835225001
0835348011
0835561002
0835561003
0835563007
0835634003
0835639004
0835851001
0836130001
0836130006
0836130007
0836142004
0836235001
0836600001
0836699001
0836699002
0836959001
0837049001
0837114001
0837255001
0837283001
0837686001
0837939002
0837941001
0838121001
0838321001
0838640001
0838687003
0838780001
0838780003
0838780005
0838780007
0838791001
0838823001
0838900003
0839158002
0839332001
0839402002
0839940002
0840024001
0840049003
0840351001
0840607001
0840607007
0840614002
0840889001
0840889002
0841173002
0841228003
0841260010
0841260011
0841260015
0841260027
0841260029
0841298001
0841298004
0841298005
0841383002
0841383003
0841428001
0841434001
0841434002
0841434003
0841544014
0841699002
0841699003
0841702004
0841702005
0841793002
0841808001
0842000001
0842000003
0842000008
0842004002
0842004003
0842062003
0842112005
0842607001
0842680001
0842755001
0843012001
0843012002
0843362004
0843373001
0843545001
0843551001
0843673002
0843772002
0843777001
0843777002
0843940001
0844086001
0844409001
0844409002
0845032002
0845046005
0845790001
0845790002
0845790003
0845790006
0845790007
0846181003
0846327001
0846753002
0846973086
0847673001
0847696001
0847962001
0849095001
0849095002
0849214002
0849215003
0849257001
0849361004
0849474001
0849544001
0849586004
0849616001
0849635001
0849711003
0849868002
0850015002
0850176002
0850241001
0850241006
0850244001
0850244002
0850244003
0850244005
0850249002
0850259001
0850259002
0850259004
0850277001
0850277004
0850281001
0850917001
0850917003
0850984004
0851010007
0851167001
0851363004
0851400001
0851407001
0851530002
0851866003
0851996001
0852174001
0852174003
0852219001
0852219003
0852300002
0852369005
0852369006
0852374013
0852374015
0852420001
0852442003
0852577002
0852584001
0852585002
0852643004
0852666001
0852678002
0852746001
0852746003
0852773001
0852775003
0852923001
0852923003
0852940004
0853325003
0853391003
0853510003
0853572002
0853654001
0853654007
0853654008
0853686001
0853721002
0853754001
0853881001
0854004001
0854043001
0854043006
0854168001
0854619002
0854663002
0854678005
0854679005
0854726001
0854760001
0854777001
0854786001
0855080001
0855080011
0855081003
0855198005
0855383001
0855467001
0855477001
0855507001
0855793001
0855793002
0855793005
0855827002
0855893001
0856270002
0856310001
0856310002
0856310003
0856310006
0856440001
0856440002
0856617002
0856644001
0856667004
0856808001
0856840001
0856840004
0856848001
0856848002
0857163001
0857171001
0857267002
0857279001
0857427004
0857621001
0857755003
0857778011
0857812002
0857812003
0857812004
0857812006
0857812007
0857812010
0857855001
0858052008
0858161001
0858161002
0858313001
0858376005
0858640003
0858847001
0859077005
0859077016
0859077017
0859077018
0859105002
0859105003
0859105004
0859105005
0859105006
0859105008
0859105009
0859125001
0859136002
0859136003
0859139002
0859139003
0859153001
0859205001
0859208006
0859208007
0859399006
0859400005
0859400006
0859400007
0859424001
0859424004
0859622002
0859737002
0859737004
0859743002
0859743003
0859805002
0859805004
0859808001
0859808002
0859873001
0859873004
0859926003
0860264002
0860305003
0860334001
0860336001
0860336002
0860336003
0860336004
0860395001
0860525006
0860525007
0860525009
0860625001
0860705002
0860705004
0860761001
0860797001
0860819001
0860820001
0860833001
0860833018
0860949001
0860949002
0861040001
0861121001
0861173001
0861410003
0861410004
0861411003
0861411004
0861431001
0861478001
0861514001
0861558002
0861608003
0861767002
0861847004
0861847006
0861848002
0862069003
0862105013
0862109001
0862167001
0862167002
0862167004
0862167006
0862319001
0862482001
0862482003
0862482007
0862561001
0862627003
0862751001
0862821001
0862937008
0863001001
0863001002
0863284001
0863456003
0863456004
0863477001
0863565001
0863570001
0863570003
0863583001
0863583002
0863587002
0863588002
0863595001
0863595002
0863595004
0863595005
0863595006
0863646001
0863646002
0863646003
0863646004
0863646005
0863665004
0863937003
0863937010
0863980001
0863980002
0864295001
0864316001
0864415002
0864415004
0864562001
0864562005
0864755001
0864755008
0864928001
0864928002
0864928007
0865034003
0865073001
0865073002
0865073005
0865076001
0865076002
0865076006
0865171002
0865314014
0865457002
0865458001
0865468001
0865470003
0865490001
0865490002
0865503001
0865520001
0865520002
0865520003
0865523002
0865532001
0865533001
0865663003
0865663004
0865690001
0865799005
0865799006
0865873001
0865873002
0865880001
0865888001
0865888002
0865917001
0865917002
0865921001
0865926002
0865929003
0865929007
0865929014
0865939004
0865943001
0865943002
0865943003
0866126002
0866251001
0866265001
0866383006
0866383008
0866387011
0866482006
0866482011
0866501001
0866503003
0866503007
0866508002
0866613001
0866660002
0866714001
0866714017
0866731001
0866731002
0866731003
0867044001
0867044002
0867044004
0867135002
0867742013
0867948001
0867948004
0867966009
0867966010
0867969002
0867969003
0867969007
0867969008
0868163001
0868163002
0868167001
0868283001
0868405004
0868410002
0868499001
0868544001
0868629003
0868638001
0868638003
0868641002
0868680003
0868762003
0868874002
0868874006
0869198002
0869198003
0869331006
0869379001
0869379002
0869379005
0869379006
0869379007
0869379008
0869379011
0869397001
0869473003
0869811003
0870057004
0870149001
0870193007
0870293002
0870304002
0870328002
0870328003
0870345002
0870434001
0870442004
0870442005
0870516006
0870525005
0870531001
0870536002
0870600002
0870970001
0870970002
0870970003
0870970004
0871241003
0871376002
0871477005
0871517008
0871517013
0871517014
0871517016
0871527002
0871527003
0871542001
0871655001
0871655002
0871707001
0871710001
0871710010
0871710012
0871992002
0871997001
0871997002
0872000002
0872000004
0872000005
0872007001
0872261002
0872278001
0872282001
0872284002
0872292003
0872378002
0872378003
0872537001
0872537004
0872537006
0872645002
0872645003
0872813001
0872820001
0872901005
0872920001
0873045006
0873092002
0873093012
0873158008
0873217001
0873217003
0873217004
0873274002
0873279003
0873482003
0873538001
0873564003
0873564005
0873594001
0873604004
0873678002
0873678003
0873678007
0873678010
0873679002
0873679005
0873924002
0874064001
0874110001
0874110002
0874113002
0874113004
0874113005
0874113024
0874113026
0874116005
0874122013
0874122024
0874264001
0874465001
0874610001
0874619001
0874669001
0874754002
0874754004
0874819002
0874819003
0874891001
0874891002
0874891003
0874891006
0874934004
0874952002
0875005002
0875145001
0875239002
0875287001
0875329001
0875329002
0875350002
0875350003
0875451001
0875451002
0875469002
0875469004
0875469008
0875522001
0875577001
0875580003
0875719003
0875784002
0875899001
0875914001
0876053002
0876053003
0876053005
0876351003
0876770007
0876986001
0877014001
0877014005
0877014007
0877261004
0877268002
0877278002
0877369001
0877462001
0877769001
0877845002
0877961007
0877961010
0877961016
0877961023
0878013001
0878013003
0878097001
0878097002
0878183003
0878190003
0878190004
0878190005
0878353001
0878456001
0878462001
0878483002
0878499001
0878499011
0878510002
0878510004
0878727001
0878794004
0878828001
0879021001
0879088001
0879096001
0879176002
0879242005
0879242006
0879248001
0879248005
0879248008
0879282001
0879298001
0879436003
0879741001
0879781002
0879781003
0879944002
0880001002
0880099001
0880099002
0880099003
0880142001
0880186003
0880238005
0880238006
0880278002
0880278003
0880322004
0880333004
0880358003
0880481001
0880597001
0880731001
0880749002
0880784002
0880839001
0881031001
0881111001
0881114001
0881496002
0881544005
0881577001
0881577002
0881691001
0881691002
0881691003
0881817007
0881823004
0881882002
0881942001
0882203002
0882264001
0882296001
0882454001
0882481001
0882651001
0882757003
0882759003
0882760001
0882882002
0882882005
0882882006
0882888002
0882961002
0882961003
0883033001
0883033002
0883068001
0883068003
0883068004
0883079006
0883307001
0883454001
0883454002
0883684001
0883685002
0883936001
0884081001
0884319001
0884319003
0884319005
0884319006
0884319008
0884319009
0884465003
0884520001
0884754002
0884771002
0884901001
0884920001
0884943002
0885468002
0885624002
0885710001
0885710002
0885919006
0885951001
0885951003
0886241001
0886489008
0886557004
0886566001
0886669001
0886697001
0886706002
0886728001
0887653002
0887714004
0887770001
0887770002
0887770003
0887770005
0887806001
0887830002
0887904002
0887904003
0888124002
0888229005
0888229007
0888331008
0888331011
0888331012
0888343003
0888346001
0888700006
0888727009
0889000002
0889370001
0889379003
0889379006
0889379008
0889379009
0889379010
0889456002
0889460003
0889540001
0889574006
0889574009
0889661001
0889664001
0889690001
0889713001
0889753001
0889753008
0889870001
0890021001
0890024002
0890453001
0890511001
0890511003
0890631001
0890631002
0890631004
0891322004
0891542001
0891542003
0891591001
0891591002
0891591003
0891591007
0891629001
0891886001
0892309001
0892309005
0892313001
0892318001
0892408007
0892408008
0892455003
0892558005
0892558006
0892624001
0892624003
0892850001
0892850002
0892970001
0893050001
0893050002
0893059003
0893059004
0893059005
0893133001
0893141002
0893351001
0893351002
0893444001
0893798001
0894139004
0894139005
0894139006
0894140003
0894140004
0894320001
0894353001
0894353002
0894471001
0894668002
0894668003
0894668004
0894668005
0894756001
0894756002
0894763002
0894780001
0894956001
0895002002
0895002004
0895421001
0895506001
0895555001
0895582002
0895730001
0895804005
0895993001
0895993003
0896064002
0896064004
0896152001
0896152002
0896152003
0896161001
0896169002
0896169005
0896229001
0896342002
0896342003
0896559001
0896851001
0896928001
0897146001
0897146002
0897304001
0897423001
0897423002
0897464002
0897684001
0897684002
0897687001
0897693001
0897693002
0897693003
0897730004
0897738001
0898075001
0898075002
0898075003
0898107003
0898195001
0898295001
0898573003
0898596002
0898596007
0898649001
0898692003
0898694001
0898694002
0898713001
0898818004
0898860002
0898886002
0898931001
0899002001
0899002002
0899002003
0899282001
0899749001
0900267001
0900411001
0900659001
0900659003
0901330002
0901433001
0901607001
0901607003
0901793006
0901811001
0901924001
0901924004
0901950002
0901955001
0901955002
0902057001
0902057002
0902107001
0902107002
0902161004
0902161005
0902161006
0902175001
0902265002
0902265003
0902388001
0902388003
0902400001
0902518003
0902518006
0902518007
0903049003
0903049004
0903062001
0903096004
0903141001
0903306004
0903333001
0903359001
0903390002
0903420001
0903673001
0903773001
0903824003
0903824006
0903910001
0903926001
0903926002
0903960001
0903994001
0904201001
0904201002
0904225001
0904412002
0904424002
0904452005
0904452006
0904545002
0904567002
0904584007
0904584009
0904625001
0904671001
0904820001
0904820002
0904820004
0905122001
0905365001
0905492001
0905518001
0905614001
0905614003
0905811001
0905914002
0905916001
0905945001
0905957001
0905957002
0905957007
0906094004
0906097002
0906169002
0906293002
0906296001
0906296003
0906305001
0906352001
0906633001
0906635001
0906635002
0906635003
0906729001
0906729003
0906741002
0906794001
0906794003
0906794004
0906822001
0907188001
0907527001
0907696001
0907696002
0907696004
0907696006
0907702001
0907702002
0907702003
0907954001
0907954003
0907954004
0908081004
0908230001
0908616001
0908728005
0908729001
0908799002
0909014001
0909081002
0909081004
0909093003
0909185001
0909185002
0909370001
0909371001
0909588006
0909592002
0909721002
0909869001
0909869002
0909869004
0909911001
0909912001
0909916001
0909916002
0909921001
0909921002
0909924002
0910132001
0910132002
0910199002
0910227001
0910278001
0910601001
0910601002
0910601003
0910654001
0910701004
0910824001
0910933001
0911214001
0911570001
0911870001
0911870002
0911870003
0911870004
0911870009
0911950001
0912095003
0912095007
0912100001
0912100003
0912204001
0913030001
0913340001
0913340002
0913341002
0913688001
0913688003
0913755001
0914441001
0914441002
0914441003
0914441004
0914441005
0914441006
0914453001
0914805002
0914805006
0914893001
0915292001
0915292002
0915444001
0915453001
0915453002
0915459003
0915523001
0915526001
0915526002
0915529001
0915529003
0915529005
0915611004
0916031004
0916058002
0916256001
0916468001
0916468002
0916468003
0917297005
0917606004
0918171001
0918292001
0918292004
0918485001
0918522001
0918525001
0918547001
0918576001
0918591001
0918655002
0918835001
0918836001
0918892001
0918894001
0919019001
0919273001
0919273002
0919273004
0919365008
0919599001
0919741001
0919786001
0920414001
0920610001
0920610002
0920610005
0920829003
0920829005
0920830001
0920972001
0921090003
0921096003
0921096004
0921226001
0921226002
0921226004
0921236001
0921266001
0921266006
0921266007
0921298001
0921298003
0921380001
0921646001
0921906001
0921906002
0921906003
0921918001
0922408001
0923028001
0923028002
0923037001
0923037003
0923070001
0923128001
0923134001
0923134002
0923134003
0923134004
0923134005
0923340001
0923340002
0923460001
0923466002
0923569002
0923569006
0923576001
0923758001
0924040001
0924146001
0924243001
0924243002
0924250001
0924623003
0924625001
0925124001
0925246001
0925290006
0925353003
0925404001
0925666003
0925916001
0925916003
0926164001
0926166001
0926387001
0926482001
0926502001
0926921001
0927865001
0927922001
0927922002
0928040002
0928088001
0928216002
0928461001
0928461003
0928582001
0928835001
0929165001
0929165002
0929275001
0929508002
0929744001
0929745001
0930350001
0930380001
0930380003
0932024001
0932243002
0932798001
0933032001
0933032002
0933706001
0933838001
0933838002
0933889001
0933891001
0933928002
0933963001
0933989001
0933989002
0934296001
0935689001
0935787001
0935840001
0935892001
0936012001
0936057001
0936610001
0936622001
0936862001
0937915001
0938182001
0938624001
0938804001
0939160001
0942187001
0942955001
0942955002
0942955003
0942955004
0944506001
